3.000000000000000000e+00 1.200000000000000000e+01 4.000000000000000000e+00 6.000000000000000000e+00 2.096000000000000085e+01 0.000000000000000000e+00 3.000000000000000000e+00 2.000000000000000000e+00 2.000000000000000000e+00 0.000000000000000000e+00 3.000000000000000000e+00 0.000000000000000000e+00 4.900000000000000355e+00 2.000000000000000000e+00 1.000000000000000000e+00 1.000000000000000000e+00 1.000000000000000000e+00 2.000000000000000000e+00 0.000000000000000000e+00 0.000000000000000000e+00
0.000000000000000000e+00 2.400000000000000000e+01 3.000000000000000000e+00 0.000000000000000000e+00 4.870000000000000284e+01 0.000000000000000000e+00 2.000000000000000000e+00 3.000000000000000000e+00 2.000000000000000000e+00 0.000000000000000000e+00 4.000000000000000000e+00 3.000000000000000000e+00 5.299999999999999822e+00 2.000000000000000000e+00 2.000000000000000000e+00 2.000000000000000000e+00 2.000000000000000000e+00 2.000000000000000000e+00 0.000000000000000000e+00 0.000000000000000000e+00
3.000000000000000000e+00 2.400000000000000000e+01 2.000000000000000000e+00 2.000000000000000000e+00 2.835000000000000142e+01 2.000000000000000000e+00 4.000000000000000000e+00 3.000000000000000000e+00 2.000000000000000000e+00 0.000000000000000000e+00 4.000000000000000000e+00 1.000000000000000000e+00 5.299999999999999822e+00 2.000000000000000000e+00 1.000000000000000000e+00 1.000000000000000000e+00 2.000000000000000000e+00 1.000000000000000000e+00 0.000000000000000000e+00 0.000000000000000000e+00
0.000000000000000000e+00 2.400000000000000000e+01 4.000000000000000000e+00 0.000000000000000000e+00 1.199000000000000021e+01 0.000000000000000000e+00 4.000000000000000000e+00 4.000000000000000000e+00 2.000000000000000000e+00 0.000000000000000000e+00 4.000000000000000000e+00 2.000000000000000000e+00 6.000000000000000000e+00 2.000000000000000000e+00 1.000000000000000000e+00 2.000000000000000000e+00 1.000000000000000000e+00 1.000000000000000000e+00 0.000000000000000000e+00 0.000000000000000000e+00
3.000000000000000000e+00 2.400000000000000000e+01 4.000000000000000000e+00 3.000000000000000000e+00 2.423999999999999844e+01 4.000000000000000000e+00 4.000000000000000000e+00 4.000000000000000000e+00 2.000000000000000000e+00 0.000000000000000000e+00 4.000000000000000000e+00 1.000000000000000000e+00 5.299999999999999822e+00 2.000000000000000000e+00 1.000000000000000000e+00 2.000000000000000000e+00 2.000000000000000000e+00 1.000000000000000000e+00 0.000000000000000000e+00 0.000000000000000000e+00
3.000000000000000000e+00 9.000000000000000000e+00 4.000000000000000000e+00 0.000000000000000000e+00 2.133999999999999986e+01 0.000000000000000000e+00 2.000000000000000000e+00 4.000000000000000000e+00 2.000000000000000000e+00 0.000000000000000000e+00 4.000000000000000000e+00 2.000000000000000000e+00 4.799999999999999822e+00 2.000000000000000000e+00 1.000000000000000000e+00 3.000000000000000000e+00 2.000000000000000000e+00 1.000000000000000000e+00 1.000000000000000000e+00 0.000000000000000000e+00
0.000000000000000000e+00 1.000000000000000000e+01 4.000000000000000000e+00 0.000000000000000000e+00 2.241000000000000014e+01 0.000000000000000000e+00 1.000000000000000000e+00 1.000000000000000000e+00 2.000000000000000000e+00 0.000000000000000000e+00 3.000000000000000000e+00 0.000000000000000000e+00 4.799999999999999822e+00 2.000000000000000000e+00 0.000000000000000000e+00 2.000000000000000000e+00 1.000000000000000000e+00 2.000000000000000000e+00 0.000000000000000000e+00 1.000000000000000000e+00
3.000000000000000000e+00 1.200000000000000000e+01 4.000000000000000000e+00 9.000000000000000000e+00 1.264000000000000057e+01 4.000000000000000000e+00 4.000000000000000000e+00 4.000000000000000000e+00 2.000000000000000000e+00 0.000000000000000000e+00 4.000000000000000000e+00 3.000000000000000000e+00 5.700000000000000178e+00 2.000000000000000000e+00 0.000000000000000000e+00 1.000000000000000000e+00 1.000000000000000000e+00 1.000000000000000000e+00 0.000000000000000000e+00 0.000000000000000000e+00
0.000000000000000000e+00 4.800000000000000000e+01 4.000000000000000000e+00 1.000000000000000000e+00 6.142999999999999972e+01 0.000000000000000000e+00 4.000000000000000000e+00 4.000000000000000000e+00 1.000000000000000000e+00 0.000000000000000000e+00 4.000000000000000000e+00 3.000000000000000000e+00 5.799999999999999822e+00 1.000000000000000000e+00 2.000000000000000000e+00 2.000000000000000000e+00 1.000000000000000000e+00 1.000000000000000000e+00 0.000000000000000000e+00 0.000000000000000000e+00
1.000000000000000000e+00 3.600000000000000000e+01 3.000000000000000000e+00 0.000000000000000000e+00 2.225000000000000000e+01 0.000000000000000000e+00 4.000000000000000000e+00 4.000000000000000000e+00 2.000000000000000000e+00 0.000000000000000000e+00 4.000000000000000000e+00 3.000000000000000000e+00 5.700000000000000178e+00 0.000000000000000000e+00 2.000000000000000000e+00 2.000000000000000000e+00 2.000000000000000000e+00 1.000000000000000000e+00 1.000000000000000000e+00 0.000000000000000000e+00
1.000000000000000000e+00 1.200000000000000000e+01 2.000000000000000000e+00 3.000000000000000000e+00 6.468000000000000682e+01 4.000000000000000000e+00 0.000000000000000000e+00 2.000000000000000000e+00 2.000000000000000000e+00 0.000000000000000000e+00 1.000000000000000000e+00 3.000000000000000000e+00 5.200000000000000178e+00 2.000000000000000000e+00 1.000000000000000000e+00 1.000000000000000000e+00 3.000000000000000000e+00 1.000000000000000000e+00 1.000000000000000000e+00 0.000000000000000000e+00
1.000000000000000000e+00 1.500000000000000000e+01 4.000000000000000000e+00 3.000000000000000000e+00 1.536999999999999922e+01 4.000000000000000000e+00 4.000000000000000000e+00 4.000000000000000000e+00 2.000000000000000000e+00 2.000000000000000000e+00 4.000000000000000000e+00 0.000000000000000000e+00 5.000000000000000000e+00 2.000000000000000000e+00 1.000000000000000000e+00 2.000000000000000000e+00 2.000000000000000000e+00 1.000000000000000000e+00 1.000000000000000000e+00 0.000000000000000000e+00
3.000000000000000000e+00 2.700000000000000000e+01 2.000000000000000000e+00 5.000000000000000000e+00 5.189999999999999858e+01 4.000000000000000000e+00 4.000000000000000000e+00 4.000000000000000000e+00 2.000000000000000000e+00 0.000000000000000000e+00 4.000000000000000000e+00 1.000000000000000000e+00 4.799999999999999822e+00 2.000000000000000000e+00 1.000000000000000000e+00 4.000000000000000000e+00 2.000000000000000000e+00 2.000000000000000000e+00 1.000000000000000000e+00 0.000000000000000000e+00
3.000000000000000000e+00 7.000000000000000000e+00 4.000000000000000000e+00 3.000000000000000000e+00 7.299999999999999822e+00 4.000000000000000000e+00 4.000000000000000000e+00 4.000000000000000000e+00 2.000000000000000000e+00 0.000000000000000000e+00 2.000000000000000000e+00 1.000000000000000000e+00 4.599999999999999645e+00 2.000000000000000000e+00 0.000000000000000000e+00 2.000000000000000000e+00 1.000000000000000000e+00 1.000000000000000000e+00 1.000000000000000000e+00 0.000000000000000000e+00
0.000000000000000000e+00 8.000000000000000000e+00 4.000000000000000000e+00 1.000000000000000000e+01 1.164000000000000057e+01 0.000000000000000000e+00 4.000000000000000000e+00 3.000000000000000000e+00 2.000000000000000000e+00 0.000000000000000000e+00 4.000000000000000000e+00 3.000000000000000000e+00 5.099999999999999645e+00 0.000000000000000000e+00 2.000000000000000000e+00 2.000000000000000000e+00 3.000000000000000000e+00 2.000000000000000000e+00 1.000000000000000000e+00 0.000000000000000000e+00
1.000000000000000000e+00 1.100000000000000000e+01 3.000000000000000000e+00 3.000000000000000000e+00 4.771000000000000085e+01 0.000000000000000000e+00 3.000000000000000000e+00 2.000000000000000000e+00 2.000000000000000000e+00 0.000000000000000000e+00 4.000000000000000000e+00 1.000000000000000000e+00 5.099999999999999645e+00 2.000000000000000000e+00 1.000000000000000000e+00 1.000000000000000000e+00 2.000000000000000000e+00 1.000000000000000000e+00 0.000000000000000000e+00 0.000000000000000000e+00
3.000000000000000000e+00 1.500000000000000000e+01 2.000000000000000000e+00 3.000000000000000000e+00 1.213000000000000078e+01 2.000000000000000000e+00 4.000000000000000000e+00 4.000000000000000000e+00 2.000000000000000000e+00 0.000000000000000000e+00 3.000000000000000000e+00 1.000000000000000000e+00 4.700000000000000178e+00 1.000000000000000000e+00 1.000000000000000000e+00 1.000000000000000000e+00 2.000000000000000000e+00 1.000000000000000000e+00 1.000000000000000000e+00 0.000000000000000000e+00
0.000000000000000000e+00 2.400000000000000000e+01 2.000000000000000000e+00 1.000000000000000000e+01 1.755000000000000071e+01 0.000000000000000000e+00 4.000000000000000000e+00 4.000000000000000000e+00 1.000000000000000000e+00 2.000000000000000000e+00 4.000000000000000000e+00 0.000000000000000000e+00 5.799999999999999822e+00 2.000000000000000000e+00 1.000000000000000000e+00 1.000000000000000000e+00 1.000000000000000000e+00 1.000000000000000000e+00 1.000000000000000000e+00 0.000000000000000000e+00
0.000000000000000000e+00 1.000000000000000000e+01 2.000000000000000000e+00 3.000000000000000000e+00 2.314999999999999858e+01 0.000000000000000000e+00 4.000000000000000000e+00 3.000000000000000000e+00 2.000000000000000000e+00 0.000000000000000000e+00 4.000000000000000000e+00 0.000000000000000000e+00 5.200000000000000178e+00 2.000000000000000000e+00 1.000000000000000000e+00 1.000000000000000000e+00 1.000000000000000000e+00 1.000000000000000000e+00 0.000000000000000000e+00 0.000000000000000000e+00
1.000000000000000000e+00 3.600000000000000000e+01 2.000000000000000000e+00 6.000000000000000000e+00 1.261200000000000045e+02 1.000000000000000000e+00 2.000000000000000000e+00 1.000000000000000000e+00 2.000000000000000000e+00 0.000000000000000000e+00 4.000000000000000000e+00 3.000000000000000000e+00 4.700000000000000178e+00 2.000000000000000000e+00 2.000000000000000000e+00 1.000000000000000000e+00 2.000000000000000000e+00 2.000000000000000000e+00 1.000000000000000000e+00 0.000000000000000000e+00
3.000000000000000000e+00 1.200000000000000000e+01 4.000000000000000000e+00 3.000000000000000000e+00 6.179999999999999716e+00 0.000000000000000000e+00 4.000000000000000000e+00 4.000000000000000000e+00 2.000000000000000000e+00 0.000000000000000000e+00 4.000000000000000000e+00 0.000000000000000000e+00 5.599999999999999645e+00 2.000000000000000000e+00 1.000000000000000000e+00 1.000000000000000000e+00 2.000000000000000000e+00 1.000000000000000000e+00 0.000000000000000000e+00 0.000000000000000000e+00
0.000000000000000000e+00 1.200000000000000000e+01 4.000000000000000000e+00 1.000000000000000000e+00 1.408999999999999986e+01 0.000000000000000000e+00 4.000000000000000000e+00 4.000000000000000000e+00 2.000000000000000000e+00 0.000000000000000000e+00 3.000000000000000000e+00 0.000000000000000000e+00 5.400000000000000355e+00 2.000000000000000000e+00 1.000000000000000000e+00 1.000000000000000000e+00 2.000000000000000000e+00 1.000000000000000000e+00 0.000000000000000000e+00 0.000000000000000000e+00
1.000000000000000000e+00 1.200000000000000000e+01 2.000000000000000000e+00 0.000000000000000000e+00 1.317999999999999972e+01 3.000000000000000000e+00 4.000000000000000000e+00 4.000000000000000000e+00 2.000000000000000000e+00 0.000000000000000000e+00 4.000000000000000000e+00 0.000000000000000000e+00 5.400000000000000355e+00 2.000000000000000000e+00 1.000000000000000000e+00 1.000000000000000000e+00 2.000000000000000000e+00 1.000000000000000000e+00 1.000000000000000000e+00 0.000000000000000000e+00
1.000000000000000000e+00 5.400000000000000000e+01 0.000000000000000000e+00 9.000000000000000000e+00 1.594499999999999886e+02 0.000000000000000000e+00 1.000000000000000000e+00 3.000000000000000000e+00 2.000000000000000000e+00 0.000000000000000000e+00 4.000000000000000000e+00 3.000000000000000000e+00 5.799999999999999822e+00 2.000000000000000000e+00 0.000000000000000000e+00 1.000000000000000000e+00 2.000000000000000000e+00 1.000000000000000000e+00 1.000000000000000000e+00 0.000000000000000000e+00
3.000000000000000000e+00 4.800000000000000000e+01 4.000000000000000000e+00 3.000000000000000000e+00 3.578000000000000114e+01 4.000000000000000000e+00 4.000000000000000000e+00 4.000000000000000000e+00 2.000000000000000000e+00 0.000000000000000000e+00 1.000000000000000000e+00 0.000000000000000000e+00 4.700000000000000178e+00 2.000000000000000000e+00 1.000000000000000000e+00 1.000000000000000000e+00 2.000000000000000000e+00 1.000000000000000000e+00 1.000000000000000000e+00 0.000000000000000000e+00
3.000000000000000000e+00 1.800000000000000000e+01 2.000000000000000000e+00 2.000000000000000000e+00 1.983999999999999986e+01 0.000000000000000000e+00 2.000000000000000000e+00 4.000000000000000000e+00 2.000000000000000000e+00 0.000000000000000000e+00 4.000000000000000000e+00 3.000000000000000000e+00 4.700000000000000178e+00 0.000000000000000000e+00 2.000000000000000000e+00 2.000000000000000000e+00 2.000000000000000000e+00 1.000000000000000000e+00 0.000000000000000000e+00 0.000000000000000000e+00
3.000000000000000000e+00 1.200000000000000000e+01 4.000000000000000000e+00 0.000000000000000000e+00 6.820000000000000284e+00 1.000000000000000000e+00 3.000000000000000000e+00 4.000000000000000000e+00 1.000000000000000000e+00 0.000000000000000000e+00 3.000000000000000000e+00 2.000000000000000000e+00 5.099999999999999645e+00 2.000000000000000000e+00 1.000000000000000000e+00 2.000000000000000000e+00 2.000000000000000000e+00 1.000000000000000000e+00 1.000000000000000000e+00 0.000000000000000000e+00
3.000000000000000000e+00 1.800000000000000000e+01 4.000000000000000000e+00 3.000000000000000000e+00 1.582000000000000028e+01 3.000000000000000000e+00 4.000000000000000000e+00 4.000000000000000000e+00 2.000000000000000000e+00 0.000000000000000000e+00 4.000000000000000000e+00 2.000000000000000000e+00 4.599999999999999645e+00 2.000000000000000000e+00 1.000000000000000000e+00 2.000000000000000000e+00 2.000000000000000000e+00 1.000000000000000000e+00 0.000000000000000000e+00 0.000000000000000000e+00
0.000000000000000000e+00 9.000000000000000000e+00 4.000000000000000000e+00 5.000000000000000000e+00 1.288000000000000078e+01 1.000000000000000000e+00 4.000000000000000000e+00 3.000000000000000000e+00 2.000000000000000000e+00 2.000000000000000000e+00 4.000000000000000000e+00 0.000000000000000000e+00 4.799999999999999822e+00 2.000000000000000000e+00 1.000000000000000000e+00 2.000000000000000000e+00 2.000000000000000000e+00 2.000000000000000000e+00 0.000000000000000000e+00 1.000000000000000000e+00
3.000000000000000000e+00 3.000000000000000000e+01 1.000000000000000000e+00 1.000000000000000000e+00 7.484999999999999432e+01 4.000000000000000000e+00 0.000000000000000000e+00 4.000000000000000000e+00 1.000000000000000000e+00 0.000000000000000000e+00 1.000000000000000000e+00 0.000000000000000000e+00 5.299999999999999822e+00 0.000000000000000000e+00 1.000000000000000000e+00 1.000000000000000000e+00 3.000000000000000000e+00 1.000000000000000000e+00 1.000000000000000000e+00 0.000000000000000000e+00
0.000000000000000000e+00 6.000000000000000000e+00 4.000000000000000000e+00 3.000000000000000000e+00 3.379999999999999893e+00 2.000000000000000000e+00 4.000000000000000000e+00 4.000000000000000000e+00 2.000000000000000000e+00 0.000000000000000000e+00 4.000000000000000000e+00 2.000000000000000000e+00 5.200000000000000178e+00 2.000000000000000000e+00 1.000000000000000000e+00 2.000000000000000000e+00 2.000000000000000000e+00 1.000000000000000000e+00 0.000000000000000000e+00 0.000000000000000000e+00
3.000000000000000000e+00 2.400000000000000000e+01 4.000000000000000000e+00 2.000000000000000000e+00 3.777000000000000313e+01 3.000000000000000000e+00 2.000000000000000000e+00 4.000000000000000000e+00 2.000000000000000000e+00 0.000000000000000000e+00 4.000000000000000000e+00 0.000000000000000000e+00 5.000000000000000000e+00 2.000000000000000000e+00 1.000000000000000000e+00 1.000000000000000000e+00 2.000000000000000000e+00 1.000000000000000000e+00 1.000000000000000000e+00 0.000000000000000000e+00
3.000000000000000000e+00 2.400000000000000000e+01 2.000000000000000000e+00 9.000000000000000000e+00 4.590999999999999659e+01 3.000000000000000000e+00 2.000000000000000000e+00 2.000000000000000000e+00 2.000000000000000000e+00 0.000000000000000000e+00 3.000000000000000000e+00 1.000000000000000000e+00 5.400000000000000355e+00 2.000000000000000000e+00 1.000000000000000000e+00 3.000000000000000000e+00 3.000000000000000000e+00 1.000000000000000000e+00 1.000000000000000000e+00 0.000000000000000000e+00
3.000000000000000000e+00 9.000000000000000000e+00 4.000000000000000000e+00 6.000000000000000000e+00 9.359999999999999432e+00 2.000000000000000000e+00 4.000000000000000000e+00 4.000000000000000000e+00 2.000000000000000000e+00 0.000000000000000000e+00 2.000000000000000000e+00 2.000000000000000000e+00 5.200000000000000178e+00 2.000000000000000000e+00 1.000000000000000000e+00 2.000000000000000000e+00 2.000000000000000000e+00 1.000000000000000000e+00 1.000000000000000000e+00 0.000000000000000000e+00
3.000000000000000000e+00 1.200000000000000000e+01 2.000000000000000000e+00 1.000000000000000000e+00 1.413000000000000078e+01 3.000000000000000000e+00 3.000000000000000000e+00 3.000000000000000000e+00 2.000000000000000000e+00 0.000000000000000000e+00 2.000000000000000000e+00 1.000000000000000000e+00 5.500000000000000000e+00 2.000000000000000000e+00 1.000000000000000000e+00 1.000000000000000000e+00 2.000000000000000000e+00 1.000000000000000000e+00 0.000000000000000000e+00 1.000000000000000000e+00
0.000000000000000000e+00 2.700000000000000000e+01 0.000000000000000000e+00 9.000000000000000000e+00 5.292999999999999972e+01 0.000000000000000000e+00 0.000000000000000000e+00 2.000000000000000000e+00 2.000000000000000000e+00 0.000000000000000000e+00 4.000000000000000000e+00 1.000000000000000000e+00 5.000000000000000000e+00 1.000000000000000000e+00 1.000000000000000000e+00 2.000000000000000000e+00 2.000000000000000000e+00 1.000000000000000000e+00 1.000000000000000000e+00 0.000000000000000000e+00
3.000000000000000000e+00 3.600000000000000000e+01 4.000000000000000000e+00 3.000000000000000000e+00 3.342000000000000171e+01 4.000000000000000000e+00 4.000000000000000000e+00 4.000000000000000000e+00 2.000000000000000000e+00 0.000000000000000000e+00 2.000000000000000000e+00 2.000000000000000000e+00 5.099999999999999645e+00 2.000000000000000000e+00 1.000000000000000000e+00 1.000000000000000000e+00 2.000000000000000000e+00 1.000000000000000000e+00 1.000000000000000000e+00 0.000000000000000000e+00
0.000000000000000000e+00 1.200000000000000000e+01 2.000000000000000000e+00 2.000000000000000000e+00 7.865000000000000568e+01 0.000000000000000000e+00 4.000000000000000000e+00 4.000000000000000000e+00 2.000000000000000000e+00 0.000000000000000000e+00 4.000000000000000000e+00 3.000000000000000000e+00 5.299999999999999822e+00 2.000000000000000000e+00 2.000000000000000000e+00 1.000000000000000000e+00 3.000000000000000000e+00 1.000000000000000000e+00 1.000000000000000000e+00 0.000000000000000000e+00
3.000000000000000000e+00 9.000000000000000000e+00 2.000000000000000000e+00 0.000000000000000000e+00 2.507000000000000028e+01 2.000000000000000000e+00 4.000000000000000000e+00 2.000000000000000000e+00 2.000000000000000000e+00 0.000000000000000000e+00 4.000000000000000000e+00 3.000000000000000000e+00 5.099999999999999645e+00 2.000000000000000000e+00 2.000000000000000000e+00 1.000000000000000000e+00 1.000000000000000000e+00 1.000000000000000000e+00 0.000000000000000000e+00 0.000000000000000000e+00
3.000000000000000000e+00 6.000000000000000000e+00 2.000000000000000000e+00 3.000000000000000000e+00 1.594999999999999929e+01 0.000000000000000000e+00 3.000000000000000000e+00 3.000000000000000000e+00 2.000000000000000000e+00 0.000000000000000000e+00 2.000000000000000000e+00 1.000000000000000000e+00 5.099999999999999645e+00 2.000000000000000000e+00 1.000000000000000000e+00 1.000000000000000000e+00 2.000000000000000000e+00 2.000000000000000000e+00 0.000000000000000000e+00 0.000000000000000000e+00
3.000000000000000000e+00 1.200000000000000000e+01 4.000000000000000000e+00 3.000000000000000000e+00 7.169999999999999929e+00 0.000000000000000000e+00 4.000000000000000000e+00 4.000000000000000000e+00 2.000000000000000000e+00 0.000000000000000000e+00 4.000000000000000000e+00 0.000000000000000000e+00 5.200000000000000178e+00 2.000000000000000000e+00 1.000000000000000000e+00 3.000000000000000000e+00 2.000000000000000000e+00 1.000000000000000000e+00 0.000000000000000000e+00 0.000000000000000000e+00
2.000000000000000000e+00 1.200000000000000000e+01 2.000000000000000000e+00 2.000000000000000000e+00 2.251000000000000156e+01 0.000000000000000000e+00 2.000000000000000000e+00 1.000000000000000000e+00 1.000000000000000000e+00 0.000000000000000000e+00 2.000000000000000000e+00 2.000000000000000000e+00 4.599999999999999645e+00 2.000000000000000000e+00 1.000000000000000000e+00 1.000000000000000000e+00 1.000000000000000000e+00 1.000000000000000000e+00 0.000000000000000000e+00 0.000000000000000000e+00
3.000000000000000000e+00 1.100000000000000000e+01 4.000000000000000000e+00 3.000000000000000000e+00 1.153999999999999915e+01 1.000000000000000000e+00 0.000000000000000000e+00 4.000000000000000000e+00 1.000000000000000000e+00 0.000000000000000000e+00 4.000000000000000000e+00 0.000000000000000000e+00 5.700000000000000178e+00 2.000000000000000000e+00 1.000000000000000000e+00 3.000000000000000000e+00 1.000000000000000000e+00 1.000000000000000000e+00 0.000000000000000000e+00 0.000000000000000000e+00
0.000000000000000000e+00 2.400000000000000000e+01 2.000000000000000000e+00 3.000000000000000000e+00 1.603000000000000114e+01 0.000000000000000000e+00 4.000000000000000000e+00 4.000000000000000000e+00 1.000000000000000000e+00 0.000000000000000000e+00 4.000000000000000000e+00 2.000000000000000000e+00 5.500000000000000000e+00 2.000000000000000000e+00 1.000000000000000000e+00 1.000000000000000000e+00 2.000000000000000000e+00 1.000000000000000000e+00 0.000000000000000000e+00 0.000000000000000000e+00
3.000000000000000000e+00 1.200000000000000000e+01 4.000000000000000000e+00 6.000000000000000000e+00 2.748000000000000043e+01 0.000000000000000000e+00 4.000000000000000000e+00 2.000000000000000000e+00 1.000000000000000000e+00 0.000000000000000000e+00 4.000000000000000000e+00 3.000000000000000000e+00 5.700000000000000178e+00 0.000000000000000000e+00 2.000000000000000000e+00 3.000000000000000000e+00 1.000000000000000000e+00 1.000000000000000000e+00 0.000000000000000000e+00 0.000000000000000000e+00
0.000000000000000000e+00 1.200000000000000000e+01 2.000000000000000000e+00 2.000000000000000000e+00 1.261999999999999922e+01 4.000000000000000000e+00 4.000000000000000000e+00 2.000000000000000000e+00 0.000000000000000000e+00 0.000000000000000000e+00 4.000000000000000000e+00 1.000000000000000000e+00 4.900000000000000355e+00 2.000000000000000000e+00 1.000000000000000000e+00 1.000000000000000000e+00 1.000000000000000000e+00 1.000000000000000000e+00 1.000000000000000000e+00 0.000000000000000000e+00
3.000000000000000000e+00 1.200000000000000000e+01 2.000000000000000000e+00 2.000000000000000000e+00 1.574000000000000021e+01 0.000000000000000000e+00 2.000000000000000000e+00 4.000000000000000000e+00 2.000000000000000000e+00 0.000000000000000000e+00 2.000000000000000000e+00 0.000000000000000000e+00 5.000000000000000000e+00 2.000000000000000000e+00 1.000000000000000000e+00 1.000000000000000000e+00 2.000000000000000000e+00 1.000000000000000000e+00 0.000000000000000000e+00 0.000000000000000000e+00
2.000000000000000000e+00 1.800000000000000000e+01 1.000000000000000000e+00 3.000000000000000000e+00 1.444999999999999929e+01 4.000000000000000000e+00 3.000000000000000000e+00 4.000000000000000000e+00 2.000000000000000000e+00 0.000000000000000000e+00 4.000000000000000000e+00 2.000000000000000000e+00 4.900000000000000355e+00 0.000000000000000000e+00 1.000000000000000000e+00 1.000000000000000000e+00 1.000000000000000000e+00 1.000000000000000000e+00 0.000000000000000000e+00 0.000000000000000000e+00
1.000000000000000000e+00 1.200000000000000000e+01 2.000000000000000000e+00 3.000000000000000000e+00 1.091999999999999993e+01 0.000000000000000000e+00 2.000000000000000000e+00 4.000000000000000000e+00 1.000000000000000000e+00 2.000000000000000000e+00 4.000000000000000000e+00 0.000000000000000000e+00 4.900000000000000355e+00 2.000000000000000000e+00 1.000000000000000000e+00 2.000000000000000000e+00 2.000000000000000000e+00 1.000000000000000000e+00 1.000000000000000000e+00 0.000000000000000000e+00
0.000000000000000000e+00 2.400000000000000000e+01 3.000000000000000000e+00 3.000000000000000000e+00 1.024000000000000021e+01 0.000000000000000000e+00 1.000000000000000000e+00 4.000000000000000000e+00 3.000000000000000000e+00 0.000000000000000000e+00 4.000000000000000000e+00 0.000000000000000000e+00 4.799999999999999822e+00 1.000000000000000000e+00 1.000000000000000000e+00 1.000000000000000000e+00 2.000000000000000000e+00 1.000000000000000000e+00 0.000000000000000000e+00 0.000000000000000000e+00
2.000000000000000000e+00 4.200000000000000000e+01 4.000000000000000000e+00 1.000000000000000000e+00 4.796000000000000085e+01 0.000000000000000000e+00 4.000000000000000000e+00 4.000000000000000000e+00 2.000000000000000000e+00 0.000000000000000000e+00 4.000000000000000000e+00 3.000000000000000000e+00 5.599999999999999645e+00 2.000000000000000000e+00 2.000000000000000000e+00 1.000000000000000000e+00 2.000000000000000000e+00 1.000000000000000000e+00 0.000000000000000000e+00 0.000000000000000000e+00
3.000000000000000000e+00 4.800000000000000000e+01 4.000000000000000000e+00 9.000000000000000000e+00 7.629000000000000625e+01 4.000000000000000000e+00 4.000000000000000000e+00 4.000000000000000000e+00 0.000000000000000000e+00 0.000000000000000000e+00 2.000000000000000000e+00 2.000000000000000000e+00 4.599999999999999645e+00 0.000000000000000000e+00 1.000000000000000000e+00 2.000000000000000000e+00 3.000000000000000000e+00 2.000000000000000000e+00 0.000000000000000000e+00 0.000000000000000000e+00
3.000000000000000000e+00 6.000000000000000000e+00 2.000000000000000000e+00 0.000000000000000000e+00 6.719999999999999751e+00 0.000000000000000000e+00 0.000000000000000000e+00 1.000000000000000000e+00 1.000000000000000000e+00 0.000000000000000000e+00 4.000000000000000000e+00 0.000000000000000000e+00 5.400000000000000355e+00 2.000000000000000000e+00 1.000000000000000000e+00 1.000000000000000000e+00 0.000000000000000000e+00 1.000000000000000000e+00 1.000000000000000000e+00 0.000000000000000000e+00
0.000000000000000000e+00 1.000000000000000000e+01 4.000000000000000000e+00 0.000000000000000000e+00 1.038000000000000078e+01 0.000000000000000000e+00 3.000000000000000000e+00 4.000000000000000000e+00 2.000000000000000000e+00 1.000000000000000000e+00 3.000000000000000000e+00 1.000000000000000000e+00 4.900000000000000355e+00 2.000000000000000000e+00 1.000000000000000000e+00 2.000000000000000000e+00 2.000000000000000000e+00 1.000000000000000000e+00 1.000000000000000000e+00 0.000000000000000000e+00
1.000000000000000000e+00 2.400000000000000000e+01 2.000000000000000000e+00 2.000000000000000000e+00 4.350999999999999801e+01 4.000000000000000000e+00 2.000000000000000000e+00 1.000000000000000000e+00 1.000000000000000000e+00 0.000000000000000000e+00 4.000000000000000000e+00 1.000000000000000000e+00 4.799999999999999822e+00 2.000000000000000000e+00 1.000000000000000000e+00 1.000000000000000000e+00 1.000000000000000000e+00 1.000000000000000000e+00 1.000000000000000000e+00 0.000000000000000000e+00
3.000000000000000000e+00 1.200000000000000000e+01 4.000000000000000000e+00 2.000000000000000000e+00 5.800999999999999801e+01 4.000000000000000000e+00 4.000000000000000000e+00 2.000000000000000000e+00 2.000000000000000000e+00 0.000000000000000000e+00 4.000000000000000000e+00 1.000000000000000000e+00 4.900000000000000355e+00 2.000000000000000000e+00 0.000000000000000000e+00 1.000000000000000000e+00 2.000000000000000000e+00 1.000000000000000000e+00 1.000000000000000000e+00 0.000000000000000000e+00
3.000000000000000000e+00 1.000000000000000000e+01 2.000000000000000000e+00 6.000000000000000000e+00 7.269999999999999574e+00 2.000000000000000000e+00 4.000000000000000000e+00 4.000000000000000000e+00 2.000000000000000000e+00 0.000000000000000000e+00 4.000000000000000000e+00 3.000000000000000000e+00 4.599999999999999645e+00 2.000000000000000000e+00 2.000000000000000000e+00 1.000000000000000000e+00 2.000000000000000000e+00 1.000000000000000000e+00 1.000000000000000000e+00 0.000000000000000000e+00
3.000000000000000000e+00 1.200000000000000000e+01 4.000000000000000000e+00 3.000000000000000000e+00 2.330999999999999872e+01 4.000000000000000000e+00 4.000000000000000000e+00 1.000000000000000000e+00 2.000000000000000000e+00 1.000000000000000000e+00 4.000000000000000000e+00 0.000000000000000000e+00 4.900000000000000355e+00 2.000000000000000000e+00 1.000000000000000000e+00 1.000000000000000000e+00 2.000000000000000000e+00 1.000000000000000000e+00 1.000000000000000000e+00 0.000000000000000000e+00
1.000000000000000000e+00 6.000000000000000000e+01 1.000000000000000000e+00 1.000000000000000000e+01 1.478199999999999932e+02 1.000000000000000000e+00 4.000000000000000000e+00 3.000000000000000000e+00 1.000000000000000000e+00 0.000000000000000000e+00 4.000000000000000000e+00 3.000000000000000000e+00 6.000000000000000000e+00 0.000000000000000000e+00 2.000000000000000000e+00 2.000000000000000000e+00 3.000000000000000000e+00 1.000000000000000000e+00 1.000000000000000000e+00 0.000000000000000000e+00
1.000000000000000000e+00 3.600000000000000000e+01 2.000000000000000000e+00 0.000000000000000000e+00 1.431800000000000068e+02 0.000000000000000000e+00 4.000000000000000000e+00 4.000000000000000000e+00 2.000000000000000000e+00 0.000000000000000000e+00 2.000000000000000000e+00 3.000000000000000000e+00 5.700000000000000178e+00 2.000000000000000000e+00 2.000000000000000000e+00 1.000000000000000000e+00 3.000000000000000000e+00 1.000000000000000000e+00 1.000000000000000000e+00 0.000000000000000000e+00
3.000000000000000000e+00 6.000000000000000000e+00 4.000000000000000000e+00 0.000000000000000000e+00 3.620000000000000107e+00 1.000000000000000000e+00 2.000000000000000000e+00 4.000000000000000000e+00 1.000000000000000000e+00 0.000000000000000000e+00 4.000000000000000000e+00 2.000000000000000000e+00 5.200000000000000178e+00 2.000000000000000000e+00 1.000000000000000000e+00 2.000000000000000000e+00 1.000000000000000000e+00 1.000000000000000000e+00 0.000000000000000000e+00 0.000000000000000000e+00
0.000000000000000000e+00 1.200000000000000000e+01 2.000000000000000000e+00 2.000000000000000000e+00 2.578000000000000114e+01 0.000000000000000000e+00 0.000000000000000000e+00 3.000000000000000000e+00 1.000000000000000000e+00 0.000000000000000000e+00 4.000000000000000000e+00 3.000000000000000000e+00 5.500000000000000000e+00 2.000000000000000000e+00 2.000000000000000000e+00 1.000000000000000000e+00 3.000000000000000000e+00 1.000000000000000000e+00 0.000000000000000000e+00 0.000000000000000000e+00
0.000000000000000000e+00 3.600000000000000000e+01 4.000000000000000000e+00 2.000000000000000000e+00 2.348000000000000043e+01 0.000000000000000000e+00 2.000000000000000000e+00 3.000000000000000000e+00 3.000000000000000000e+00 0.000000000000000000e+00 2.000000000000000000e+00 1.000000000000000000e+00 4.599999999999999645e+00 2.000000000000000000e+00 1.000000000000000000e+00 2.000000000000000000e+00 2.000000000000000000e+00 1.000000000000000000e+00 1.000000000000000000e+00 0.000000000000000000e+00
1.000000000000000000e+00 1.200000000000000000e+01 2.000000000000000000e+00 0.000000000000000000e+00 1.223000000000000043e+01 0.000000000000000000e+00 4.000000000000000000e+00 1.000000000000000000e+00 0.000000000000000000e+00 0.000000000000000000e+00 1.000000000000000000e+00 0.000000000000000000e+00 4.599999999999999645e+00 2.000000000000000000e+00 0.000000000000000000e+00 2.000000000000000000e+00 2.000000000000000000e+00 1.000000000000000000e+00 0.000000000000000000e+00 0.000000000000000000e+00
1.000000000000000000e+00 1.200000000000000000e+01 4.000000000000000000e+00 0.000000000000000000e+00 9.580000000000000071e+00 0.000000000000000000e+00 3.000000000000000000e+00 2.000000000000000000e+00 2.000000000000000000e+00 0.000000000000000000e+00 3.000000000000000000e+00 0.000000000000000000e+00 4.700000000000000178e+00 2.000000000000000000e+00 1.000000000000000000e+00 2.000000000000000000e+00 1.000000000000000000e+00 2.000000000000000000e+00 0.000000000000000000e+00 0.000000000000000000e+00
3.000000000000000000e+00 1.800000000000000000e+01 4.000000000000000000e+00 3.000000000000000000e+00 1.149000000000000021e+01 3.000000000000000000e+00 2.000000000000000000e+00 4.000000000000000000e+00 2.000000000000000000e+00 0.000000000000000000e+00 3.000000000000000000e+00 0.000000000000000000e+00 4.599999999999999645e+00 2.000000000000000000e+00 1.000000000000000000e+00 2.000000000000000000e+00 2.000000000000000000e+00 1.000000000000000000e+00 0.000000000000000000e+00 0.000000000000000000e+00
0.000000000000000000e+00 1.800000000000000000e+01 4.000000000000000000e+00 5.000000000000000000e+00 1.190000000000000036e+01 0.000000000000000000e+00 0.000000000000000000e+00 2.000000000000000000e+00 1.000000000000000000e+00 0.000000000000000000e+00 4.000000000000000000e+00 3.000000000000000000e+00 5.500000000000000000e+00 2.000000000000000000e+00 2.000000000000000000e+00 3.000000000000000000e+00 0.000000000000000000e+00 2.000000000000000000e+00 0.000000000000000000e+00 0.000000000000000000e+00
2.000000000000000000e+00 1.200000000000000000e+01 2.000000000000000000e+00 2.000000000000000000e+00 1.424000000000000021e+01 4.000000000000000000e+00 4.000000000000000000e+00 3.000000000000000000e+00 1.000000000000000000e+00 0.000000000000000000e+00 4.000000000000000000e+00 0.000000000000000000e+00 5.500000000000000000e+00 2.000000000000000000e+00 1.000000000000000000e+00 1.000000000000000000e+00 3.000000000000000000e+00 1.000000000000000000e+00 1.000000000000000000e+00 0.000000000000000000e+00
0.000000000000000000e+00 3.000000000000000000e+01 2.000000000000000000e+00 2.000000000000000000e+00 3.621999999999999886e+01 3.000000000000000000e+00 4.000000000000000000e+00 4.000000000000000000e+00 1.000000000000000000e+00 0.000000000000000000e+00 4.000000000000000000e+00 1.000000000000000000e+00 5.700000000000000178e+00 2.000000000000000000e+00 0.000000000000000000e+00 2.000000000000000000e+00 2.000000000000000000e+00 1.000000000000000000e+00 1.000000000000000000e+00 0.000000000000000000e+00
1.000000000000000000e+00 6.000000000000000000e+00 3.000000000000000000e+00 0.000000000000000000e+00 1.208999999999999986e+01 0.000000000000000000e+00 0.000000000000000000e+00 4.000000000000000000e+00 2.000000000000000000e+00 0.000000000000000000e+00 4.000000000000000000e+00 1.000000000000000000e+00 4.700000000000000178e+00 2.000000000000000000e+00 1.000000000000000000e+00 1.000000000000000000e+00 3.000000000000000000e+00 1.000000000000000000e+00 1.000000000000000000e+00 0.000000000000000000e+00
3.000000000000000000e+00 1.200000000000000000e+01 2.000000000000000000e+00 3.000000000000000000e+00 3.076999999999999957e+01 0.000000000000000000e+00 2.000000000000000000e+00 2.000000000000000000e+00 2.000000000000000000e+00 0.000000000000000000e+00 4.000000000000000000e+00 2.000000000000000000e+00 5.200000000000000178e+00 2.000000000000000000e+00 1.000000000000000000e+00 1.000000000000000000e+00 2.000000000000000000e+00 1.000000000000000000e+00 1.000000000000000000e+00 0.000000000000000000e+00
2.000000000000000000e+00 9.000000000000000000e+00 2.000000000000000000e+00 3.000000000000000000e+00 1.125999999999999979e+01 1.000000000000000000e+00 4.000000000000000000e+00 2.000000000000000000e+00 0.000000000000000000e+00 0.000000000000000000e+00 4.000000000000000000e+00 0.000000000000000000e+00 4.900000000000000355e+00 2.000000000000000000e+00 1.000000000000000000e+00 1.000000000000000000e+00 2.000000000000000000e+00 1.000000000000000000e+00 0.000000000000000000e+00 0.000000000000000000e+00
3.000000000000000000e+00 2.400000000000000000e+01 2.000000000000000000e+00 0.000000000000000000e+00 2.255000000000000071e+01 4.000000000000000000e+00 1.000000000000000000e+00 4.000000000000000000e+00 2.000000000000000000e+00 0.000000000000000000e+00 1.000000000000000000e+00 1.000000000000000000e+00 5.400000000000000355e+00 2.000000000000000000e+00 1.000000000000000000e+00 1.000000000000000000e+00 2.000000000000000000e+00 1.000000000000000000e+00 0.000000000000000000e+00 0.000000000000000000e+00
0.000000000000000000e+00 4.800000000000000000e+01 0.000000000000000000e+00 2.000000000000000000e+00 7.118999999999999773e+01 0.000000000000000000e+00 2.000000000000000000e+00 3.000000000000000000e+00 2.000000000000000000e+00 0.000000000000000000e+00 4.000000000000000000e+00 3.000000000000000000e+00 5.299999999999999822e+00 2.000000000000000000e+00 2.000000000000000000e+00 2.000000000000000000e+00 2.000000000000000000e+00 2.000000000000000000e+00 0.000000000000000000e+00 0.000000000000000000e+00
3.000000000000000000e+00 2.400000000000000000e+01 3.000000000000000000e+00 0.000000000000000000e+00 2.032000000000000028e+01 0.000000000000000000e+00 4.000000000000000000e+00 4.000000000000000000e+00 2.000000000000000000e+00 0.000000000000000000e+00 4.000000000000000000e+00 3.000000000000000000e+00 6.000000000000000000e+00 2.000000000000000000e+00 2.000000000000000000e+00 2.000000000000000000e+00 2.000000000000000000e+00 1.000000000000000000e+00 1.000000000000000000e+00 0.000000000000000000e+00
0.000000000000000000e+00 2.400000000000000000e+01 2.000000000000000000e+00 1.000000000000000000e+00 2.964000000000000057e+01 4.000000000000000000e+00 4.000000000000000000e+00 4.000000000000000000e+00 2.000000000000000000e+00 0.000000000000000000e+00 4.000000000000000000e+00 3.000000000000000000e+00 4.900000000000000355e+00 0.000000000000000000e+00 2.000000000000000000e+00 1.000000000000000000e+00 2.000000000000000000e+00 2.000000000000000000e+00 1.000000000000000000e+00 0.000000000000000000e+00
1.000000000000000000e+00 1.200000000000000000e+01 4.000000000000000000e+00 0.000000000000000000e+00 3.123999999999999844e+01 0.000000000000000000e+00 1.000000000000000000e+00 1.000000000000000000e+00 2.000000000000000000e+00 0.000000000000000000e+00 3.000000000000000000e+00 0.000000000000000000e+00 4.900000000000000355e+00 0.000000000000000000e+00 1.000000000000000000e+00 2.000000000000000000e+00 1.000000000000000000e+00 2.000000000000000000e+00 0.000000000000000000e+00 0.000000000000000000e+00
3.000000000000000000e+00 1.200000000000000000e+01 2.000000000000000000e+00 0.000000000000000000e+00 2.132999999999999829e+01 4.000000000000000000e+00 4.000000000000000000e+00 4.000000000000000000e+00 1.000000000000000000e+00 0.000000000000000000e+00 4.000000000000000000e+00 3.000000000000000000e+00 5.200000000000000178e+00 2.000000000000000000e+00 2.000000000000000000e+00 1.000000000000000000e+00 3.000000000000000000e+00 1.000000000000000000e+00 1.000000000000000000e+00 0.000000000000000000e+00
0.000000000000000000e+00 1.800000000000000000e+01 2.000000000000000000e+00 4.000000000000000000e+00 1.216999999999999993e+01 0.000000000000000000e+00 2.000000000000000000e+00 4.000000000000000000e+00 3.000000000000000000e+00 0.000000000000000000e+00 3.000000000000000000e+00 0.000000000000000000e+00 4.700000000000000178e+00 2.000000000000000000e+00 1.000000000000000000e+00 1.000000000000000000e+00 1.000000000000000000e+00 1.000000000000000000e+00 1.000000000000000000e+00 0.000000000000000000e+00
0.000000000000000000e+00 1.200000000000000000e+01 4.000000000000000000e+00 2.000000000000000000e+00 2.246000000000000085e+01 0.000000000000000000e+00 4.000000000000000000e+00 3.000000000000000000e+00 2.000000000000000000e+00 0.000000000000000000e+00 3.000000000000000000e+00 1.000000000000000000e+00 6.000000000000000000e+00 2.000000000000000000e+00 1.000000000000000000e+00 2.000000000000000000e+00 2.000000000000000000e+00 1.000000000000000000e+00 0.000000000000000000e+00 0.000000000000000000e+00
0.000000000000000000e+00 1.200000000000000000e+01 4.000000000000000000e+00 3.000000000000000000e+00 3.850000000000000089e+00 0.000000000000000000e+00 3.000000000000000000e+00 4.000000000000000000e+00 1.000000000000000000e+00 0.000000000000000000e+00 3.000000000000000000e+00 0.000000000000000000e+00 5.799999999999999822e+00 2.000000000000000000e+00 1.000000000000000000e+00 4.000000000000000000e+00 1.000000000000000000e+00 1.000000000000000000e+00 1.000000000000000000e+00 0.000000000000000000e+00
1.000000000000000000e+00 3.600000000000000000e+01 2.000000000000000000e+00 3.000000000000000000e+00 2.671000000000000085e+01 1.000000000000000000e+00 2.000000000000000000e+00 4.000000000000000000e+00 1.000000000000000000e+00 1.000000000000000000e+00 4.000000000000000000e+00 3.000000000000000000e+00 5.000000000000000000e+00 2.000000000000000000e+00 2.000000000000000000e+00 1.000000000000000000e+00 2.000000000000000000e+00 1.000000000000000000e+00 0.000000000000000000e+00 0.000000000000000000e+00
2.000000000000000000e+00 1.000000000000000000e+01 2.000000000000000000e+00 0.000000000000000000e+00 1.240000000000000036e+01 1.000000000000000000e+00 4.000000000000000000e+00 1.000000000000000000e+00 1.000000000000000000e+00 0.000000000000000000e+00 4.000000000000000000e+00 3.000000000000000000e+00 4.799999999999999822e+00 2.000000000000000000e+00 2.000000000000000000e+00 1.000000000000000000e+00 1.000000000000000000e+00 2.000000000000000000e+00 0.000000000000000000e+00 0.000000000000000000e+00
1.000000000000000000e+00 4.800000000000000000e+01 0.000000000000000000e+00 9.000000000000000000e+00 1.220400000000000063e+02 4.000000000000000000e+00 2.000000000000000000e+00 2.000000000000000000e+00 2.000000000000000000e+00 0.000000000000000000e+00 2.000000000000000000e+00 2.000000000000000000e+00 4.799999999999999822e+00 0.000000000000000000e+00 1.000000000000000000e+00 1.000000000000000000e+00 3.000000000000000000e+00 1.000000000000000000e+00 1.000000000000000000e+00 0.000000000000000000e+00
3.000000000000000000e+00 1.200000000000000000e+01 2.000000000000000000e+00 0.000000000000000000e+00 6.400000000000000355e+00 0.000000000000000000e+00 2.000000000000000000e+00 4.000000000000000000e+00 0.000000000000000000e+00 0.000000000000000000e+00 2.000000000000000000e+00 0.000000000000000000e+00 4.900000000000000355e+00 2.000000000000000000e+00 1.000000000000000000e+00 1.000000000000000000e+00 1.000000000000000000e+00 1.000000000000000000e+00 0.000000000000000000e+00 0.000000000000000000e+00
3.000000000000000000e+00 1.200000000000000000e+01 2.000000000000000000e+00 6.000000000000000000e+00 1.392999999999999972e+01 0.000000000000000000e+00 4.000000000000000000e+00 4.000000000000000000e+00 2.000000000000000000e+00 0.000000000000000000e+00 4.000000000000000000e+00 1.000000000000000000e+00 4.700000000000000178e+00 0.000000000000000000e+00 1.000000000000000000e+00 3.000000000000000000e+00 2.000000000000000000e+00 2.000000000000000000e+00 1.000000000000000000e+00 0.000000000000000000e+00
0.000000000000000000e+00 4.800000000000000000e+01 2.000000000000000000e+00 6.000000000000000000e+00 7.476000000000000512e+01 0.000000000000000000e+00 3.000000000000000000e+00 4.000000000000000000e+00 2.000000000000000000e+00 0.000000000000000000e+00 1.000000000000000000e+00 3.000000000000000000e+00 5.000000000000000000e+00 2.000000000000000000e+00 2.000000000000000000e+00 1.000000000000000000e+00 3.000000000000000000e+00 1.000000000000000000e+00 1.000000000000000000e+00 0.000000000000000000e+00
3.000000000000000000e+00 2.100000000000000000e+01 2.000000000000000000e+00 2.000000000000000000e+00 2.241000000000000014e+01 0.000000000000000000e+00 4.000000000000000000e+00 4.000000000000000000e+00 2.000000000000000000e+00 0.000000000000000000e+00 2.000000000000000000e+00 0.000000000000000000e+00 5.000000000000000000e+00 2.000000000000000000e+00 1.000000000000000000e+00 2.000000000000000000e+00 2.000000000000000000e+00 1.000000000000000000e+00 0.000000000000000000e+00 0.000000000000000000e+00
2.000000000000000000e+00 6.000000000000000000e+00 4.000000000000000000e+00 6.000000000000000000e+00 1.047000000000000064e+01 0.000000000000000000e+00 2.000000000000000000e+00 2.000000000000000000e+00 1.000000000000000000e+00 0.000000000000000000e+00 4.000000000000000000e+00 1.000000000000000000e+00 5.000000000000000000e+00 2.000000000000000000e+00 1.000000000000000000e+00 1.000000000000000000e+00 1.000000000000000000e+00 1.000000000000000000e+00 0.000000000000000000e+00 0.000000000000000000e+00
2.000000000000000000e+00 3.000000000000000000e+01 4.000000000000000000e+00 3.000000000000000000e+00 3.017000000000000171e+01 0.000000000000000000e+00 4.000000000000000000e+00 4.000000000000000000e+00 2.000000000000000000e+00 0.000000000000000000e+00 4.000000000000000000e+00 1.000000000000000000e+00 4.700000000000000178e+00 2.000000000000000000e+00 1.000000000000000000e+00 1.000000000000000000e+00 2.000000000000000000e+00 1.000000000000000000e+00 0.000000000000000000e+00 0.000000000000000000e+00
3.000000000000000000e+00 6.000000000000000000e+00 2.000000000000000000e+00 6.000000000000000000e+00 1.538000000000000078e+01 0.000000000000000000e+00 1.000000000000000000e+00 1.000000000000000000e+00 1.000000000000000000e+00 0.000000000000000000e+00 2.000000000000000000e+00 3.000000000000000000e+00 5.599999999999999645e+00 2.000000000000000000e+00 1.000000000000000000e+00 1.000000000000000000e+00 2.000000000000000000e+00 1.000000000000000000e+00 0.000000000000000000e+00 0.000000000000000000e+00
3.000000000000000000e+00 2.400000000000000000e+01 4.000000000000000000e+00 3.000000000000000000e+00 5.103000000000000114e+01 0.000000000000000000e+00 1.000000000000000000e+00 3.000000000000000000e+00 3.000000000000000000e+00 0.000000000000000000e+00 3.000000000000000000e+00 3.000000000000000000e+00 4.700000000000000178e+00 2.000000000000000000e+00 2.000000000000000000e+00 3.000000000000000000e+00 2.000000000000000000e+00 1.000000000000000000e+00 1.000000000000000000e+00 0.000000000000000000e+00
3.000000000000000000e+00 6.000000000000000000e+00 2.000000000000000000e+00 1.000000000000000000e+00 1.235999999999999943e+01 2.000000000000000000e+00 2.000000000000000000e+00 2.000000000000000000e+00 2.000000000000000000e+00 0.000000000000000000e+00 4.000000000000000000e+00 1.000000000000000000e+00 5.000000000000000000e+00 2.000000000000000000e+00 0.000000000000000000e+00 1.000000000000000000e+00 2.000000000000000000e+00 1.000000000000000000e+00 0.000000000000000000e+00 0.000000000000000000e+00
0.000000000000000000e+00 4.800000000000000000e+01 4.000000000000000000e+00 1.000000000000000000e+00 6.331000000000000227e+01 0.000000000000000000e+00 4.000000000000000000e+00 4.000000000000000000e+00 2.000000000000000000e+00 0.000000000000000000e+00 4.000000000000000000e+00 3.000000000000000000e+00 4.599999999999999645e+00 2.000000000000000000e+00 2.000000000000000000e+00 2.000000000000000000e+00 2.000000000000000000e+00 1.000000000000000000e+00 1.000000000000000000e+00 0.000000000000000000e+00
2.000000000000000000e+00 2.400000000000000000e+01 2.000000000000000000e+00 3.000000000000000000e+00 1.376999999999999957e+01 1.000000000000000000e+00 4.000000000000000000e+00 4.000000000000000000e+00 1.000000000000000000e+00 0.000000000000000000e+00 2.000000000000000000e+00 3.000000000000000000e+00 4.700000000000000178e+00 2.000000000000000000e+00 2.000000000000000000e+00 1.000000000000000000e+00 2.000000000000000000e+00 1.000000000000000000e+00 1.000000000000000000e+00 0.000000000000000000e+00
3.000000000000000000e+00 2.100000000000000000e+01 2.000000000000000000e+00 1.000000000000000000e+00 2.476000000000000156e+01 4.000000000000000000e+00 4.000000000000000000e+00 4.000000000000000000e+00 2.000000000000000000e+00 0.000000000000000000e+00 4.000000000000000000e+00 0.000000000000000000e+00 4.599999999999999645e+00 2.000000000000000000e+00 1.000000000000000000e+00 1.000000000000000000e+00 3.000000000000000000e+00 1.000000000000000000e+00 1.000000000000000000e+00 0.000000000000000000e+00
3.000000000000000000e+00 1.500000000000000000e+01 4.000000000000000000e+00 3.000000000000000000e+00 1.316000000000000014e+01 2.000000000000000000e+00 2.000000000000000000e+00 2.000000000000000000e+00 3.000000000000000000e+00 0.000000000000000000e+00 2.000000000000000000e+00 1.000000000000000000e+00 4.700000000000000178e+00 2.000000000000000000e+00 1.000000000000000000e+00 2.000000000000000000e+00 1.000000000000000000e+00 1.000000000000000000e+00 0.000000000000000000e+00 0.000000000000000000e+00
1.000000000000000000e+00 4.800000000000000000e+01 1.000000000000000000e+00 9.000000000000000000e+00 6.415999999999999659e+01 0.000000000000000000e+00 4.000000000000000000e+00 4.000000000000000000e+00 1.000000000000000000e+00 0.000000000000000000e+00 3.000000000000000000e+00 3.000000000000000000e+00 5.900000000000000355e+00 2.000000000000000000e+00 0.000000000000000000e+00 1.000000000000000000e+00 2.000000000000000000e+00 1.000000000000000000e+00 0.000000000000000000e+00 0.000000000000000000e+00
0.000000000000000000e+00 6.000000000000000000e+00 2.000000000000000000e+00 2.000000000000000000e+00 4.280000000000000249e+00 0.000000000000000000e+00 4.000000000000000000e+00 2.000000000000000000e+00 1.000000000000000000e+00 0.000000000000000000e+00 1.000000000000000000e+00 1.000000000000000000e+00 4.900000000000000355e+00 0.000000000000000000e+00 1.000000000000000000e+00 1.000000000000000000e+00 2.000000000000000000e+00 1.000000000000000000e+00 1.000000000000000000e+00 0.000000000000000000e+00
3.000000000000000000e+00 1.200000000000000000e+01 3.000000000000000000e+00 5.000000000000000000e+00 1.555000000000000071e+01 3.000000000000000000e+00 4.000000000000000000e+00 4.000000000000000000e+00 2.000000000000000000e+00 0.000000000000000000e+00 4.000000000000000000e+00 3.000000000000000000e+00 5.500000000000000000e+00 2.000000000000000000e+00 2.000000000000000000e+00 2.000000000000000000e+00 2.000000000000000000e+00 2.000000000000000000e+00 0.000000000000000000e+00 0.000000000000000000e+00
3.000000000000000000e+00 1.500000000000000000e+01 4.000000000000000000e+00 0.000000000000000000e+00 5.045000000000000284e+01 4.000000000000000000e+00 4.000000000000000000e+00 1.000000000000000000e+00 1.000000000000000000e+00 0.000000000000000000e+00 4.000000000000000000e+00 2.000000000000000000e+00 5.900000000000000355e+00 2.000000000000000000e+00 1.000000000000000000e+00 1.000000000000000000e+00 2.000000000000000000e+00 1.000000000000000000e+00 1.000000000000000000e+00 0.000000000000000000e+00
3.000000000000000000e+00 2.400000000000000000e+01 4.000000000000000000e+00 3.000000000000000000e+00 2.223000000000000043e+01 1.000000000000000000e+00 4.000000000000000000e+00 4.000000000000000000e+00 2.000000000000000000e+00 0.000000000000000000e+00 4.000000000000000000e+00 1.000000000000000000e+00 5.200000000000000178e+00 0.000000000000000000e+00 1.000000000000000000e+00 2.000000000000000000e+00 2.000000000000000000e+00 1.000000000000000000e+00 0.000000000000000000e+00 0.000000000000000000e+00
3.000000000000000000e+00 2.400000000000000000e+01 4.000000000000000000e+00 0.000000000000000000e+00 1.939999999999999858e+01 3.000000000000000000e+00 4.000000000000000000e+00 4.000000000000000000e+00 2.000000000000000000e+00 0.000000000000000000e+00 4.000000000000000000e+00 0.000000000000000000e+00 6.000000000000000000e+00 2.000000000000000000e+00 1.000000000000000000e+00 1.000000000000000000e+00 2.000000000000000000e+00 1.000000000000000000e+00 1.000000000000000000e+00 0.000000000000000000e+00
1.000000000000000000e+00 2.000000000000000000e+01 2.000000000000000000e+00 1.000000000000000000e+00 6.468000000000000682e+01 4.000000000000000000e+00 0.000000000000000000e+00 1.000000000000000000e+00 0.000000000000000000e+00 0.000000000000000000e+00 4.000000000000000000e+00 0.000000000000000000e+00 6.000000000000000000e+00 2.000000000000000000e+00 1.000000000000000000e+00 1.000000000000000000e+00 3.000000000000000000e+00 1.000000000000000000e+00 1.000000000000000000e+00 0.000000000000000000e+00
1.000000000000000000e+00 4.800000000000000000e+01 3.000000000000000000e+00 6.000000000000000000e+00 6.224000000000000199e+01 0.000000000000000000e+00 4.000000000000000000e+00 4.000000000000000000e+00 2.000000000000000000e+00 0.000000000000000000e+00 4.000000000000000000e+00 3.000000000000000000e+00 5.000000000000000000e+00 2.000000000000000000e+00 2.000000000000000000e+00 1.000000000000000000e+00 2.000000000000000000e+00 1.000000000000000000e+00 0.000000000000000000e+00 0.000000000000000000e+00
2.000000000000000000e+00 2.400000000000000000e+01 2.000000000000000000e+00 2.000000000000000000e+00 2.892000000000000171e+01 0.000000000000000000e+00 4.000000000000000000e+00 3.000000000000000000e+00 0.000000000000000000e+00 0.000000000000000000e+00 4.000000000000000000e+00 3.000000000000000000e+00 5.099999999999999645e+00 2.000000000000000000e+00 2.000000000000000000e+00 1.000000000000000000e+00 2.000000000000000000e+00 1.000000000000000000e+00 0.000000000000000000e+00 0.000000000000000000e+00
0.000000000000000000e+00 1.800000000000000000e+01 2.000000000000000000e+00 1.000000000000000000e+00 7.510999999999999943e+01 4.000000000000000000e+00 4.000000000000000000e+00 1.000000000000000000e+00 2.000000000000000000e+00 0.000000000000000000e+00 4.000000000000000000e+00 1.000000000000000000e+00 5.099999999999999645e+00 2.000000000000000000e+00 2.000000000000000000e+00 1.000000000000000000e+00 2.000000000000000000e+00 2.000000000000000000e+00 1.000000000000000000e+00 0.000000000000000000e+00
3.000000000000000000e+00 2.400000000000000000e+01 3.000000000000000000e+00 0.000000000000000000e+00 7.169999999999999929e+00 4.000000000000000000e+00 4.000000000000000000e+00 4.000000000000000000e+00 3.000000000000000000e+00 0.000000000000000000e+00 4.000000000000000000e+00 2.000000000000000000e+00 5.400000000000000355e+00 2.000000000000000000e+00 1.000000000000000000e+00 2.000000000000000000e+00 2.000000000000000000e+00 1.000000000000000000e+00 1.000000000000000000e+00 0.000000000000000000e+00
3.000000000000000000e+00 2.400000000000000000e+01 4.000000000000000000e+00 6.000000000000000000e+00 1.597000000000000064e+01 0.000000000000000000e+00 4.000000000000000000e+00 4.000000000000000000e+00 2.000000000000000000e+00 0.000000000000000000e+00 4.000000000000000000e+00 3.000000000000000000e+00 5.400000000000000355e+00 2.000000000000000000e+00 2.000000000000000000e+00 2.000000000000000000e+00 2.000000000000000000e+00 2.000000000000000000e+00 0.000000000000000000e+00 0.000000000000000000e+00
1.000000000000000000e+00 1.800000000000000000e+01 4.000000000000000000e+00 3.000000000000000000e+00 1.794999999999999929e+01 0.000000000000000000e+00 4.000000000000000000e+00 3.000000000000000000e+00 1.000000000000000000e+00 2.000000000000000000e+00 4.000000000000000000e+00 0.000000000000000000e+00 4.799999999999999822e+00 0.000000000000000000e+00 0.000000000000000000e+00 2.000000000000000000e+00 1.000000000000000000e+00 1.000000000000000000e+00 1.000000000000000000e+00 0.000000000000000000e+00
1.000000000000000000e+00 4.200000000000000000e+01 1.000000000000000000e+00 1.000000000000000000e+00 9.282999999999999829e+01 0.000000000000000000e+00 0.000000000000000000e+00 1.000000000000000000e+00 2.000000000000000000e+00 0.000000000000000000e+00 2.000000000000000000e+00 3.000000000000000000e+00 5.500000000000000000e+00 0.000000000000000000e+00 2.000000000000000000e+00 1.000000000000000000e+00 3.000000000000000000e+00 1.000000000000000000e+00 1.000000000000000000e+00 0.000000000000000000e+00
0.000000000000000000e+00 4.800000000000000000e+01 2.000000000000000000e+00 4.000000000000000000e+00 3.051000000000000156e+01 0.000000000000000000e+00 2.000000000000000000e+00 3.000000000000000000e+00 2.000000000000000000e+00 0.000000000000000000e+00 4.000000000000000000e+00 2.000000000000000000e+00 5.400000000000000355e+00 2.000000000000000000e+00 1.000000000000000000e+00 1.000000000000000000e+00 2.000000000000000000e+00 1.000000000000000000e+00 0.000000000000000000e+00 0.000000000000000000e+00
0.000000000000000000e+00 4.800000000000000000e+01 2.000000000000000000e+00 0.000000000000000000e+00 3.931000000000000227e+01 0.000000000000000000e+00 3.000000000000000000e+00 4.000000000000000000e+00 2.000000000000000000e+00 0.000000000000000000e+00 4.000000000000000000e+00 3.000000000000000000e+00 4.599999999999999645e+00 2.000000000000000000e+00 2.000000000000000000e+00 1.000000000000000000e+00 2.000000000000000000e+00 2.000000000000000000e+00 0.000000000000000000e+00 0.000000000000000000e+00
1.000000000000000000e+00 3.600000000000000000e+01 3.000000000000000000e+00 0.000000000000000000e+00 7.431999999999999318e+01 0.000000000000000000e+00 2.000000000000000000e+00 2.000000000000000000e+00 1.000000000000000000e+00 0.000000000000000000e+00 2.000000000000000000e+00 1.000000000000000000e+00 5.400000000000000355e+00 2.000000000000000000e+00 0.000000000000000000e+00 1.000000000000000000e+00 2.000000000000000000e+00 1.000000000000000000e+00 0.000000000000000000e+00 0.000000000000000000e+00
0.000000000000000000e+00 8.000000000000000000e+00 4.000000000000000000e+00 0.000000000000000000e+00 7.309999999999999609e+00 0.000000000000000000e+00 4.000000000000000000e+00 4.000000000000000000e+00 2.000000000000000000e+00 0.000000000000000000e+00 4.000000000000000000e+00 0.000000000000000000e+00 4.700000000000000178e+00 2.000000000000000000e+00 1.000000000000000000e+00 2.000000000000000000e+00 1.000000000000000000e+00 1.000000000000000000e+00 0.000000000000000000e+00 0.000000000000000000e+00
0.000000000000000000e+00 3.600000000000000000e+01 2.000000000000000000e+00 1.000000000000000000e+00 8.334999999999999432e+01 4.000000000000000000e+00 4.000000000000000000e+00 3.000000000000000000e+00 2.000000000000000000e+00 0.000000000000000000e+00 4.000000000000000000e+00 3.000000000000000000e+00 4.700000000000000178e+00 2.000000000000000000e+00 2.000000000000000000e+00 1.000000000000000000e+00 2.000000000000000000e+00 1.000000000000000000e+00 0.000000000000000000e+00 0.000000000000000000e+00
0.000000000000000000e+00 1.200000000000000000e+01 0.000000000000000000e+00 0.000000000000000000e+00 1.082000000000000028e+01 0.000000000000000000e+00 2.000000000000000000e+00 4.000000000000000000e+00 2.000000000000000000e+00 0.000000000000000000e+00 4.000000000000000000e+00 2.000000000000000000e+00 4.799999999999999822e+00 0.000000000000000000e+00 1.000000000000000000e+00 2.000000000000000000e+00 2.000000000000000000e+00 1.000000000000000000e+00 0.000000000000000000e+00 0.000000000000000000e+00
3.000000000000000000e+00 2.400000000000000000e+01 4.000000000000000000e+00 3.000000000000000000e+00 2.610999999999999943e+01 0.000000000000000000e+00 4.000000000000000000e+00 4.000000000000000000e+00 3.000000000000000000e+00 1.000000000000000000e+00 3.000000000000000000e+00 0.000000000000000000e+00 4.599999999999999645e+00 2.000000000000000000e+00 1.000000000000000000e+00 2.000000000000000000e+00 2.000000000000000000e+00 1.000000000000000000e+00 0.000000000000000000e+00 0.000000000000000000e+00
3.000000000000000000e+00 2.400000000000000000e+01 1.000000000000000000e+00 9.000000000000000000e+00 1.558999999999999986e+01 0.000000000000000000e+00 3.000000000000000000e+00 4.000000000000000000e+00 2.000000000000000000e+00 0.000000000000000000e+00 4.000000000000000000e+00 2.000000000000000000e+00 5.000000000000000000e+00 0.000000000000000000e+00 1.000000000000000000e+00 1.000000000000000000e+00 2.000000000000000000e+00 1.000000000000000000e+00 1.000000000000000000e+00 0.000000000000000000e+00
3.000000000000000000e+00 1.800000000000000000e+01 2.000000000000000000e+00 2.000000000000000000e+00 3.421999999999999886e+01 0.000000000000000000e+00 4.000000000000000000e+00 4.000000000000000000e+00 2.000000000000000000e+00 0.000000000000000000e+00 4.000000000000000000e+00 1.000000000000000000e+00 4.700000000000000178e+00 0.000000000000000000e+00 1.000000000000000000e+00 3.000000000000000000e+00 2.000000000000000000e+00 2.000000000000000000e+00 1.000000000000000000e+00 0.000000000000000000e+00
0.000000000000000000e+00 9.000000000000000000e+00 2.000000000000000000e+00 3.000000000000000000e+00 1.364000000000000057e+01 0.000000000000000000e+00 3.000000000000000000e+00 3.000000000000000000e+00 2.000000000000000000e+00 0.000000000000000000e+00 4.000000000000000000e+00 0.000000000000000000e+00 5.900000000000000355e+00 2.000000000000000000e+00 1.000000000000000000e+00 1.000000000000000000e+00 2.000000000000000000e+00 1.000000000000000000e+00 0.000000000000000000e+00 0.000000000000000000e+00
0.000000000000000000e+00 1.200000000000000000e+01 2.000000000000000000e+00 3.000000000000000000e+00 7.089999999999999858e+00 0.000000000000000000e+00 4.000000000000000000e+00 4.000000000000000000e+00 2.000000000000000000e+00 0.000000000000000000e+00 4.000000000000000000e+00 0.000000000000000000e+00 5.700000000000000178e+00 1.000000000000000000e+00 1.000000000000000000e+00 1.000000000000000000e+00 1.000000000000000000e+00 1.000000000000000000e+00 0.000000000000000000e+00 0.000000000000000000e+00
2.000000000000000000e+00 6.000000000000000000e+00 4.000000000000000000e+00 0.000000000000000000e+00 1.342999999999999972e+01 0.000000000000000000e+00 4.000000000000000000e+00 1.000000000000000000e+00 2.000000000000000000e+00 0.000000000000000000e+00 4.000000000000000000e+00 0.000000000000000000e+00 4.599999999999999645e+00 2.000000000000000000e+00 1.000000000000000000e+00 2.000000000000000000e+00 2.000000000000000000e+00 2.000000000000000000e+00 0.000000000000000000e+00 1.000000000000000000e+00
3.000000000000000000e+00 2.400000000000000000e+01 2.000000000000000000e+00 1.000000000000000000e+00 9.276999999999999602e+01 4.000000000000000000e+00 2.000000000000000000e+00 2.000000000000000000e+00 0.000000000000000000e+00 0.000000000000000000e+00 4.000000000000000000e+00 3.000000000000000000e+00 4.799999999999999822e+00 2.000000000000000000e+00 2.000000000000000000e+00 1.000000000000000000e+00 2.000000000000000000e+00 1.000000000000000000e+00 1.000000000000000000e+00 0.000000000000000000e+00
0.000000000000000000e+00 1.200000000000000000e+01 2.000000000000000000e+00 6.000000000000000000e+00 7.950000000000000178e+00 0.000000000000000000e+00 1.000000000000000000e+00 4.000000000000000000e+00 1.000000000000000000e+00 0.000000000000000000e+00 4.000000000000000000e+00 1.000000000000000000e+00 5.299999999999999822e+00 2.000000000000000000e+00 1.000000000000000000e+00 1.000000000000000000e+00 2.000000000000000000e+00 1.000000000000000000e+00 0.000000000000000000e+00 0.000000000000000000e+00
3.000000000000000000e+00 1.500000000000000000e+01 4.000000000000000000e+00 3.000000000000000000e+00 1.828999999999999915e+01 0.000000000000000000e+00 4.000000000000000000e+00 4.000000000000000000e+00 2.000000000000000000e+00 0.000000000000000000e+00 4.000000000000000000e+00 2.000000000000000000e+00 4.599999999999999645e+00 2.000000000000000000e+00 1.000000000000000000e+00 2.000000000000000000e+00 2.000000000000000000e+00 1.000000000000000000e+00 1.000000000000000000e+00 0.000000000000000000e+00
3.000000000000000000e+00 1.500000000000000000e+01 3.000000000000000000e+00 1.000000000000000000e+00 3.593999999999999773e+01 0.000000000000000000e+00 1.000000000000000000e+00 1.000000000000000000e+00 1.000000000000000000e+00 0.000000000000000000e+00 2.000000000000000000e+00 1.000000000000000000e+00 4.599999999999999645e+00 2.000000000000000000e+00 1.000000000000000000e+00 2.000000000000000000e+00 1.000000000000000000e+00 1.000000000000000000e+00 0.000000000000000000e+00 0.000000000000000000e+00
0.000000000000000000e+00 2.400000000000000000e+01 1.000000000000000000e+00 2.000000000000000000e+00 6.871999999999999886e+01 0.000000000000000000e+00 1.000000000000000000e+00 2.000000000000000000e+00 0.000000000000000000e+00 0.000000000000000000e+00 1.000000000000000000e+00 1.000000000000000000e+00 5.500000000000000000e+00 0.000000000000000000e+00 1.000000000000000000e+00 1.000000000000000000e+00 2.000000000000000000e+00 1.000000000000000000e+00 1.000000000000000000e+00 0.000000000000000000e+00
0.000000000000000000e+00 1.200000000000000000e+01 1.000000000000000000e+00 0.000000000000000000e+00 6.969999999999999751e+00 0.000000000000000000e+00 1.000000000000000000e+00 4.000000000000000000e+00 2.000000000000000000e+00 0.000000000000000000e+00 2.000000000000000000e+00 2.000000000000000000e+00 4.599999999999999645e+00 0.000000000000000000e+00 1.000000000000000000e+00 2.000000000000000000e+00 2.000000000000000000e+00 1.000000000000000000e+00 1.000000000000000000e+00 0.000000000000000000e+00
3.000000000000000000e+00 3.000000000000000000e+01 2.000000000000000000e+00 3.000000000000000000e+00 1.867000000000000171e+01 4.000000000000000000e+00 4.000000000000000000e+00 4.000000000000000000e+00 2.000000000000000000e+00 0.000000000000000000e+00 4.000000000000000000e+00 2.000000000000000000e+00 5.799999999999999822e+00 2.000000000000000000e+00 1.000000000000000000e+00 1.000000000000000000e+00 2.000000000000000000e+00 1.000000000000000000e+00 1.000000000000000000e+00 0.000000000000000000e+00
3.000000000000000000e+00 2.400000000000000000e+01 4.000000000000000000e+00 1.000000000000000000e+00 6.842000000000000171e+01 4.000000000000000000e+00 2.000000000000000000e+00 2.000000000000000000e+00 2.000000000000000000e+00 0.000000000000000000e+00 4.000000000000000000e+00 1.000000000000000000e+00 4.599999999999999645e+00 2.000000000000000000e+00 1.000000000000000000e+00 2.000000000000000000e+00 3.000000000000000000e+00 2.000000000000000000e+00 1.000000000000000000e+00 0.000000000000000000e+00
0.000000000000000000e+00 1.500000000000000000e+01 2.000000000000000000e+00 2.000000000000000000e+00 1.844999999999999929e+01 0.000000000000000000e+00 1.000000000000000000e+00 4.000000000000000000e+00 1.000000000000000000e+00 2.000000000000000000e+00 1.000000000000000000e+00 1.000000000000000000e+00 4.599999999999999645e+00 2.000000000000000000e+00 0.000000000000000000e+00 1.000000000000000000e+00 2.000000000000000000e+00 1.000000000000000000e+00 0.000000000000000000e+00 0.000000000000000000e+00
0.000000000000000000e+00 2.400000000000000000e+01 4.000000000000000000e+00 3.000000000000000000e+00 1.231000000000000050e+01 3.000000000000000000e+00 4.000000000000000000e+00 4.000000000000000000e+00 1.000000000000000000e+00 0.000000000000000000e+00 4.000000000000000000e+00 1.000000000000000000e+00 5.700000000000000178e+00 2.000000000000000000e+00 0.000000000000000000e+00 2.000000000000000000e+00 3.000000000000000000e+00 1.000000000000000000e+00 1.000000000000000000e+00 0.000000000000000000e+00
2.000000000000000000e+00 3.000000000000000000e+01 4.000000000000000000e+00 3.000000000000000000e+00 3.656000000000000227e+01 4.000000000000000000e+00 4.000000000000000000e+00 4.000000000000000000e+00 2.000000000000000000e+00 0.000000000000000000e+00 4.000000000000000000e+00 1.000000000000000000e+00 4.900000000000000355e+00 1.000000000000000000e+00 1.000000000000000000e+00 2.000000000000000000e+00 1.000000000000000000e+00 1.000000000000000000e+00 0.000000000000000000e+00 0.000000000000000000e+00
1.000000000000000000e+00 2.100000000000000000e+01 3.000000000000000000e+00 0.000000000000000000e+00 2.353000000000000114e+01 0.000000000000000000e+00 2.000000000000000000e+00 1.000000000000000000e+00 0.000000000000000000e+00 0.000000000000000000e+00 4.000000000000000000e+00 1.000000000000000000e+00 4.700000000000000178e+00 2.000000000000000000e+00 1.000000000000000000e+00 2.000000000000000000e+00 2.000000000000000000e+00 1.000000000000000000e+00 0.000000000000000000e+00 0.000000000000000000e+00
3.000000000000000000e+00 1.500000000000000000e+01 2.000000000000000000e+00 3.000000000000000000e+00 3.567999999999999972e+01 0.000000000000000000e+00 4.000000000000000000e+00 4.000000000000000000e+00 1.000000000000000000e+00 0.000000000000000000e+00 2.000000000000000000e+00 2.000000000000000000e+00 5.400000000000000355e+00 0.000000000000000000e+00 0.000000000000000000e+00 1.000000000000000000e+00 3.000000000000000000e+00 1.000000000000000000e+00 1.000000000000000000e+00 0.000000000000000000e+00
2.000000000000000000e+00 2.400000000000000000e+01 2.000000000000000000e+00 3.000000000000000000e+00 1.258000000000000007e+01 2.000000000000000000e+00 2.000000000000000000e+00 3.000000000000000000e+00 1.000000000000000000e+00 0.000000000000000000e+00 3.000000000000000000e+00 2.000000000000000000e+00 5.700000000000000178e+00 2.000000000000000000e+00 1.000000000000000000e+00 1.000000000000000000e+00 1.000000000000000000e+00 1.000000000000000000e+00 0.000000000000000000e+00 0.000000000000000000e+00
3.000000000000000000e+00 2.400000000000000000e+01 3.000000000000000000e+00 0.000000000000000000e+00 2.537999999999999901e+01 0.000000000000000000e+00 4.000000000000000000e+00 4.000000000000000000e+00 2.000000000000000000e+00 0.000000000000000000e+00 4.000000000000000000e+00 2.000000000000000000e+00 4.700000000000000178e+00 2.000000000000000000e+00 1.000000000000000000e+00 2.000000000000000000e+00 1.000000000000000000e+00 2.000000000000000000e+00 0.000000000000000000e+00 0.000000000000000000e+00
1.000000000000000000e+00 3.000000000000000000e+01 4.000000000000000000e+00 2.000000000000000000e+00 8.385999999999999943e+01 0.000000000000000000e+00 3.000000000000000000e+00 2.000000000000000000e+00 2.000000000000000000e+00 0.000000000000000000e+00 2.000000000000000000e+00 1.000000000000000000e+00 4.900000000000000355e+00 2.000000000000000000e+00 1.000000000000000000e+00 1.000000000000000000e+00 2.000000000000000000e+00 1.000000000000000000e+00 0.000000000000000000e+00 0.000000000000000000e+00
1.000000000000000000e+00 2.400000000000000000e+01 4.000000000000000000e+00 3.000000000000000000e+00 1.742999999999999972e+01 0.000000000000000000e+00 4.000000000000000000e+00 4.000000000000000000e+00 2.000000000000000000e+00 0.000000000000000000e+00 2.000000000000000000e+00 1.000000000000000000e+00 4.799999999999999822e+00 2.000000000000000000e+00 1.000000000000000000e+00 2.000000000000000000e+00 1.000000000000000000e+00 1.000000000000000000e+00 0.000000000000000000e+00 0.000000000000000000e+00
3.000000000000000000e+00 1.200000000000000000e+01 2.000000000000000000e+00 0.000000000000000000e+00 2.389999999999999858e+01 4.000000000000000000e+00 4.000000000000000000e+00 4.000000000000000000e+00 2.000000000000000000e+00 0.000000000000000000e+00 3.000000000000000000e+00 2.000000000000000000e+00 5.000000000000000000e+00 2.000000000000000000e+00 1.000000000000000000e+00 1.000000000000000000e+00 2.000000000000000000e+00 1.000000000000000000e+00 1.000000000000000000e+00 0.000000000000000000e+00
